image_width: 640
image_height: 480
camera_name: rgb_PS1080_PrimeSense
camera_matrix:
  rows: 3
  cols: 3
  data: [542.6670454302023, 0, 318.1507942875832, 0, 541.9143667573344, 222.110453684855, 0, 0, 1]
distortion_model: plumb_bob
distortion_coefficients:
  rows: 1
  cols: 5
  data: [0.05179904777919613, -0.1465355693888831, -0.0005161571221964295, 0.00492479961020312, 0]
rectification_matrix:
  rows: 3
  cols: 3
  data: [1, 0, 0, 0, 1, 0, 0, 0, 1]
projection_matrix:
  rows: 3
  cols: 4
  data: [542.7514038085938, 0, 320.9752044413508, 0, 0, 545.0953979492188, 221.7771691561302, 0, 0, 0, 1, 0]